30
8   0.000   0.000   0.000
1   0.000   0.816   0.577
1   0.000  -0.816   0.577
8   3.000   0.000   0.000
1   3.000   0.816   0.577
1   3.000  -0.816   0.577
8   0.000   3.000   0.000
1   0.000   3.816   0.577
1   0.000   2.184   0.577
8   3.000   3.000   0.000
1   3.000   3.816   0.577
1   3.000   2.184   0.577
8   0.000   0.000   3.000
1   0.000   0.816   3.577
1   0.000  -0.816   3.577
8   3.000   0.000   3.000
1   3.000   0.816   3.577
1   3.000  -0.816   3.577
8   0.000   3.000   3.000
1   0.000   3.816   3.577
1   0.000   2.184   3.577
8   3.000   3.000   3.000
1   3.000   3.816   3.577
1   3.000   2.184   3.577
8   1.500   1.500   1.500
1   1.500   2.316   2.077
1   1.500   0.684   2.077
8   1.500   1.500   4.500
1   1.500   2.316   5.077
1   1.500   0.684   5.077