15
8     -0.892416   -0.159839    0.446810
1     -0.563781   -0.907104    0.913384
1     -0.068003    0.337052    0.232350
8     -2.856704    1.600124   -0.092742
1     -3.364346    1.003364   -0.637162
1     -2.138854    0.974218    0.203997
8      0.827986    3.780916   -0.134406
1      0.943853    4.782108   -0.506716
1     -0.154080    3.856186    0.132423
8     -1.815601    4.047345    0.319063
1     -2.549326    4.406614    0.849191
1     -2.199687    3.160177    0.064768
8      1.434164    1.162097    0.116815
1      1.187144    2.173135    0.070832
1      2.446085    1.218054   -0.027024